净值日期,累计净值
2009-08-26,1.0
2009-08-28,0.998
2009-09-04,1.005
2009-09-11,1.016
2009-09-15,1.019
2009-09-16,1.014
2009-09-17,1.018
2009-09-18,1.009
2009-09-21,1.007
2009-09-22,1.0
2009-09-23,0.996
2009-09-24,1.0
2009-09-25,0.998
2009-09-28,0.99
2009-09-29,0.992
2009-09-30,0.994
2009-10-09,1.009
2009-10-12,1.007
2009-10-13,1.012
2009-10-14,1.016
2009-10-15,1.017
2009-10-16,1.018
2009-10-19,1.028
2009-10-20,1.035
2009-10-21,1.034
2009-10-22,1.031
2009-10-23,1.04
2009-10-26,1.04
2009-10-27,1.025
2009-10-28,1.026
2009-10-29,1.013
2009-10-30,1.019
2009-11-02,1.039
2009-11-03,1.046
2009-11-04,1.05
2009-11-05,1.052
2009-11-06,1.055
2009-11-09,1.058
2009-11-10,1.06
2009-11-11,1.058
2009-11-12,1.058
2009-11-13,1.062
2009-11-16,1.088
2009-11-17,1.088
2009-11-18,1.089
2009-11-19,1.091
2009-11-20,1.087
2009-11-23,1.095
2009-11-24,1.066
2009-11-25,1.087
2009-11-26,1.048
2009-11-27,1.019
2009-11-30,1.055
2009-12-01,1.069
2009-12-02,1.079
2009-12-03,1.077
2009-12-04,1.092
2009-12-07,1.1
2009-12-08,1.087
2009-12-09,1.067
2009-12-10,1.073
2009-12-11,1.072
2009-12-14,1.083
2009-12-15,1.075
2009-12-16,1.068
2009-12-17,1.045
2009-12-18,1.02
2009-12-21,1.022
2009-12-22,0.996
2009-12-23,1.004
2009-12-24,1.033
2009-12-25,1.029
2009-12-28,1.044
2009-12-29,1.051
2009-12-30,1.067
2009-12-31,1.072
2010-01-04,1.06
2010-01-05,1.068
2010-01-06,1.062
2010-01-07,1.042
2010-01-08,1.044
2010-01-11,1.045
2010-01-12,1.06
2010-01-13,1.028
2010-01-14,1.041
2010-01-15,1.045
2010-01-18,1.05
2010-01-19,1.052
2010-01-20,1.02
2010-01-21,1.024
2010-01-22,1.012
2010-01-25,1.0
2010-01-26,0.977
2010-01-27,0.964
2010-01-28,0.966
2010-01-29,0.966
2010-02-01,0.951
2010-02-02,0.949
2010-02-03,0.973
2010-02-04,0.97
2010-02-05,0.951
2010-02-08,0.95
2010-02-09,0.956
2010-02-10,0.968
2010-02-11,0.97
2010-02-12,0.979
2010-02-22,0.973
2010-02-23,0.963
2010-02-24,0.976
2010-02-25,0.99
2010-02-26,0.987
2010-03-01,0.999
2010-03-02,0.995
2010-03-03,1.002
2010-03-04,0.978
2010-03-05,0.981
2010-03-08,0.988
2010-03-09,0.994
2010-03-10,0.986
2010-03-11,0.985
2010-03-12,0.973
2010-03-15,0.959
2010-03-16,0.965
2010-03-17,0.985
2010-03-18,0.983
2010-03-19,0.99
2010-03-22,0.993
2010-03-23,0.985
2010-03-24,0.985
2010-03-25,0.972
2010-03-26,0.985
2010-03-29,1.008
2010-03-30,1.011
2010-03-31,1.005
2010-04-01,1.018
2010-04-02,1.022
2010-04-06,1.021
2010-04-07,1.016
2010-04-08,1.005
2010-04-09,1.014
2010-04-12,1.006
2010-04-13,1.018
2010-04-14,1.021
2010-04-15,1.019
2010-04-16,1.008
2010-04-19,0.956
2010-04-20,0.953
2010-04-21,0.971
2010-04-22,0.96
2010-04-23,0.957
2010-04-26,0.952
2010-04-27,0.933
2010-04-28,0.93
2010-04-29,0.919
2010-04-30,0.922
2010-05-04,0.91
2010-05-05,0.915
2010-05-06,0.876
2010-05-07,0.859
2010-05-10,0.866
2010-05-11,0.849
2010-05-12,0.854
2010-05-13,0.874
2010-05-14,0.868
2010-05-17,0.825
2010-05-18,0.84
2010-05-19,0.838
2010-05-20,0.828
2010-05-21,0.84
2010-05-24,0.87
2010-05-25,0.853
2010-05-26,0.853
2010-05-27,0.866
2010-05-28,0.864
2010-05-31,0.841
2010-06-01,0.832
2010-06-02,0.837
2010-06-03,0.831
2010-06-04,0.834
2010-06-07,0.82
2010-06-08,0.821
2010-06-09,0.845
2010-06-10,0.835
2010-06-11,0.838
2010-06-17,0.833
2010-06-18,0.82
2010-06-21,0.844
2010-06-22,0.845
2010-06-23,0.838
2010-06-24,0.838
2010-06-25,0.832
2010-06-28,0.827
2010-06-29,0.791
2010-06-30,0.781
2010-07-01,0.77
2010-07-02,0.773
2010-07-05,0.767
2010-07-06,0.782
2010-07-07,0.787
2010-07-08,0.786
2010-07-09,0.808
2010-07-12,0.817
2010-07-13,0.805
2010-07-14,0.81
2010-07-15,0.796
2010-07-16,0.799
2010-07-19,0.819
2010-07-20,0.837
2010-07-21,0.839
2010-07-22,0.849
2010-07-23,0.853
2010-07-26,0.858
2010-07-27,0.853
2010-07-28,0.873
2010-07-29,0.878
2010-07-30,0.875
2010-08-02,0.89
2010-08-03,0.874
2010-08-04,0.877
2010-08-05,0.869
2010-08-06,0.883
2010-08-09,0.889
2010-08-10,0.864
2010-08-11,0.869
2010-08-12,0.859
2010-08-13,0.87
2010-08-16,0.89
2010-08-17,0.896
2010-08-18,0.895
2010-08-19,0.9
2010-08-20,0.883
2010-08-23,0.883
2010-08-24,0.887
2010-08-25,0.866
2010-08-26,0.868
2010-08-27,0.87
2010-08-30,0.887
2010-08-31,0.883
2010-09-01,0.878
2010-09-02,0.888
2010-09-03,0.887
2010-09-06,0.903
2010-09-07,0.905
2010-09-08,0.905
2010-09-09,0.889
2010-09-10,0.891
2010-09-13,0.9
2010-09-14,0.901
2010-09-15,0.886
2010-09-16,0.87
2010-09-17,0.871
2010-09-20,0.868
2010-09-21,0.87
2010-09-27,0.884
2010-09-28,0.877
2010-09-29,0.875
2010-09-30,0.892
2010-10-08,0.923
2010-10-11,0.948
2010-10-12,0.959
2010-10-13,0.971
2010-10-14,0.973
2010-10-15,1.003
2010-10-18,0.997
2010-10-19,1.017
2010-10-20,1.023
2010-10-21,1.017
2010-10-22,1.018
2010-10-25,1.048
2010-10-26,1.043
2010-10-27,1.025
2010-10-28,1.024
2010-10-29,1.019
2010-11-01,1.045
2010-11-02,1.042
2010-11-03,1.03
2010-11-04,1.047
2010-11-05,1.059
2010-11-08,1.067
2010-11-09,1.059
2010-11-10,1.052
2010-11-11,1.055
2010-11-12,0.992
2010-11-15,1.0
2010-11-16,0.958
2010-11-17,0.94
2010-11-18,0.952
2010-11-19,0.961
2010-11-22,0.959
2010-11-23,0.939
2010-11-24,0.96
2010-11-25,0.973
2010-11-26,0.965
2010-11-29,0.963
2010-11-30,0.948
2010-12-01,0.948
2010-12-02,0.953
2010-12-03,0.954
2010-12-06,0.956
2010-12-07,0.966
2010-12-08,0.958
2010-12-09,0.944
2010-12-10,0.954
2010-12-13,0.983
2010-12-14,0.985
2010-12-15,0.979
2010-12-16,0.974
2010-12-17,0.972
2010-12-20,0.959
2010-12-21,0.98
2010-12-22,0.97
2010-12-23,0.962
2010-12-24,0.955
2010-12-27,0.937
2010-12-28,0.921
2010-12-29,0.926
2010-12-30,0.927
2010-12-31,0.945
2011-01-04,0.962
2011-01-05,0.959
2011-01-06,0.954
2011-01-07,0.956
2011-01-10,0.939
2011-01-11,0.944
2011-01-12,0.949
2011-01-13,0.949
2011-01-14,0.935
2011-01-17,0.901
2011-01-18,0.902
2011-01-19,0.921
2011-01-20,0.893
2011-01-21,0.903
2011-01-24,0.895
2011-01-25,0.89
2011-01-26,0.902
2011-01-27,0.915
2011-01-28,0.918
2011-01-31,0.929
2011-02-01,0.929
2011-02-09,0.919
2011-02-10,0.937
2011-02-11,0.941
2011-02-14,0.969
2011-02-15,0.969
2011-02-16,0.978
2011-02-17,0.977
2011-02-18,0.967
2011-02-21,0.98
2011-02-22,0.954
2011-02-23,0.957
2011-02-24,0.961
2011-02-25,0.963
2011-02-28,0.975
2011-03-01,0.98
2011-03-02,0.976
2011-03-03,0.97
2011-03-04,0.984
2011-03-07,1.002
2011-03-08,1.003
2011-03-09,1.004
2011-03-10,0.987
2011-03-11,0.978
2011-03-14,0.982
2011-03-15,0.965
2011-03-16,0.978
2011-03-17,0.963
2011-03-18,0.969
2011-03-21,0.966
2011-03-22,0.971
2011-03-23,0.983
2011-03-24,0.979
2011-03-25,0.992
2011-03-28,0.991
2011-03-29,0.981
2011-03-30,0.981
2011-03-31,0.972
2011-04-01,0.986
2011-04-06,0.997
2011-04-07,1.0
2011-04-08,1.009
2011-04-11,1.003
2011-04-12,1.001
2011-04-13,1.014
2011-04-14,1.009
2011-04-15,1.01
2011-04-18,1.01
2011-04-19,0.993
2011-04-20,0.992
2011-04-21,0.999
2011-04-22,0.994
2011-04-25,0.979
2011-04-26,0.974
2011-04-27,0.968
2011-04-28,0.955
2011-04-29,0.963
2011-05-03,0.969
2011-05-04,0.946
2011-05-05,0.945
2011-05-06,0.943
2011-05-09,0.946
2011-05-10,0.953
2011-05-11,0.95
2011-05-12,0.938
2011-05-13,0.945
2011-05-16,0.938
2011-05-17,0.942
2011-05-18,0.949
2011-05-19,0.943
2011-05-20,0.944
2011-05-23,0.916
2011-05-24,0.916
2011-05-25,0.906
2011-05-26,0.903
2011-05-27,0.899
2011-05-30,0.896
2011-05-31,0.91
2011-06-01,0.91
2011-06-02,0.897
2011-06-03,0.906
2011-06-07,0.911
2011-06-08,0.912
2011-06-09,0.897
2011-06-10,0.9
2011-06-13,0.898
2011-06-14,0.91
2011-06-15,0.902
2011-06-16,0.89
2011-06-17,0.883
2011-06-20,0.878
2011-06-21,0.888
2011-06-22,0.888
2011-06-23,0.902
2011-06-24,0.922
2011-06-27,0.925
2011-06-28,0.926
2011-06-29,0.915
2011-06-30,0.927
2011-07-01,0.929
2011-07-04,0.95
2011-07-05,0.95
2011-07-06,0.948
2011-07-07,0.9447
2011-07-08,0.9471
2011-07-11,0.9481
2011-07-12,0.9318
2011-07-13,0.946
2011-07-14,0.9491
2011-07-15,0.953
2011-07-18,0.9511
2011-07-19,0.9432
2011-07-20,0.9421
2011-07-21,0.9329
2011-07-22,0.9355
2011-07-25,0.9069
2011-07-26,0.9096
2011-07-27,0.916
2011-07-28,0.9104
2011-07-29,0.9079
2011-08-01,0.9095
2011-08-02,0.9034
2011-08-03,0.9029
2011-08-04,0.9045
2011-08-05,0.8865
2011-08-08,0.8566
2011-08-09,0.8579
2011-08-10,0.8654
2011-08-11,0.8777
2011-08-12,0.88
2011-08-15,0.8923
2011-08-16,0.8864
2011-08-17,0.8831
2011-08-18,0.8683
2011-08-19,0.8607
2011-08-22,0.852
2011-08-23,0.8645
2011-08-24,0.8612
2011-08-25,0.8881
2011-08-26,0.8874
2011-08-29,0.8731
2011-08-30,0.8699
2011-08-31,0.8713
2011-09-01,0.8678
2011-09-02,0.859
2011-09-05,0.8417
2011-09-06,0.8359
2011-09-07,0.8519
2011-09-08,0.8454
2011-09-09,0.844
2011-09-13,0.8352
2011-09-14,0.8388
2011-09-15,0.8376
2011-09-16,0.839
2011-09-19,0.8233
2011-09-20,0.8263
2011-09-21,0.8493
2011-09-22,0.825
2011-09-23,0.8205
2011-09-26,0.8038
2011-09-27,0.8114
2011-09-28,0.8037
2011-09-29,0.7972
2011-09-30,0.7952
2011-10-10,0.7881
2011-10-11,0.7865
2011-10-12,0.813
2011-10-13,0.8182
2011-10-14,0.8157
2011-10-17,0.8194
2011-10-18,0.7982
2011-10-19,0.7956
2011-10-20,0.778
2011-10-21,0.7744
2011-10-24,0.794
2011-10-25,0.8078
2011-10-26,0.8153
2011-10-27,0.8169
2011-10-28,0.8318
2011-10-31,0.8279
2011-11-01,0.8285
2011-11-02,0.8414
2011-11-03,0.842
2011-11-04,0.8476
2011-11-07,0.8395
2011-11-08,0.8371
2011-11-09,0.8441
2011-11-10,0.8291
2011-11-11,0.8278
2011-11-14,0.8436
2011-11-15,0.8421
2011-11-16,0.8206
2011-11-17,0.8183
2011-11-18,0.8023
2011-11-21,0.803
2011-11-22,0.8027
2011-11-23,0.7953
2011-11-24,0.7968
2011-11-25,0.7912
2011-11-28,0.7923
2011-11-29,0.8025
2011-11-30,0.7773
2011-12-01,0.7953
2011-12-02,0.7876
2011-12-05,0.7772
2011-12-06,0.7756
2011-12-07,0.7791
2011-12-08,0.7773
2011-12-09,0.7714
2011-12-12,0.7643
2011-12-13,0.7481
2011-12-14,0.7413
2011-12-15,0.7253
2011-12-16,0.7397
2011-12-19,0.7381
2011-12-20,0.7362
2011-12-21,0.7252
2011-12-22,0.7259
2011-12-23,0.731
2011-12-26,0.7244
2011-12-27,0.7157
2011-12-28,0.7166
2011-12-29,0.7176
2011-12-30,0.7275
2011-12-31,0.7275
2012-01-04,0.7139
2012-01-05,0.7073
2012-01-06,0.7113
2012-01-09,0.7337
2012-01-10,0.7566
2012-01-11,0.7532
2012-01-12,0.7532
2012-01-13,0.7413
2012-01-16,0.7272
2012-01-17,0.7604
2012-01-18,0.7494
2012-01-19,0.7627
2012-01-20,0.773
2012-01-30,0.7603
2012-01-31,0.7613
2012-02-01,0.7509
2012-02-02,0.7675
2012-02-03,0.7733
2012-02-06,0.7727
2012-02-07,0.7593
2012-02-08,0.7796
2012-02-09,0.7797
2012-02-10,0.7807
2012-02-13,0.7801
2012-02-14,0.7772
2012-02-15,0.7853
2012-02-16,0.7815
2012-02-17,0.7815
2012-02-20,0.7826
2012-02-21,0.7889
2012-02-22,0.7989
2012-02-23,0.8011
2012-02-24,0.8134
2012-02-27,0.8158
2012-02-28,0.8175
2012-02-29,0.8092
2012-03-01,0.8089
2012-03-02,0.8223
2012-03-05,0.8173
2012-03-06,0.8051
2012-03-07,0.7997
2012-03-08,0.8094
2012-03-09,0.8177
2012-03-12,0.8148
2012-03-13,0.8225
2012-03-14,0.8004
2012-03-15,0.7949
2012-03-16,0.8059
2012-03-19,0.8078
2012-03-20,0.7946
2012-03-21,0.7957
2012-03-22,0.7946
2012-03-23,0.7855
2012-03-26,0.7863
2012-03-27,0.7839
2012-03-28,0.7627
2012-03-29,0.7534
2012-03-30,0.7569
2012-03-31,0.7569
2012-04-05,0.7736
2012-04-06,0.7757
2012-04-09,0.7685
2012-04-10,0.7756
2012-04-11,0.7758
2012-04-12,0.7906
2012-04-13,0.7936
2012-04-16,0.7917
2012-04-17,0.7822
2012-04-18,0.7993
2012-04-19,0.7983
2012-04-20,0.8073
2012-04-23,0.8012
2012-04-24,0.8011
2012-04-25,0.8072
2012-04-26,0.8087
2012-04-27,0.8072
2012-05-02,0.8237
2012-05-03,0.8257
2012-05-04,0.8327
2012-05-07,0.8335
2012-05-08,0.8311
2012-05-09,0.8164
2012-05-10,0.8164
2012-05-11,0.8106
2012-05-14,0.8046
2012-05-15,0.8053
2012-05-16,0.7933
2012-05-17,0.8045
2012-05-18,0.7934
2012-05-21,0.7969
2012-05-22,0.8082
2012-05-23,0.8051
2012-05-24,0.7992
2012-05-25,0.7929
2012-05-28,0.805
2012-05-29,0.8153
2012-05-30,0.8129
2012-05-31,0.8105
2012-06-01,0.811
2012-06-04,0.7896
2012-06-05,0.7897
2012-06-06,0.7893
2012-06-07,0.7857
2012-06-08,0.781
2012-06-11,0.7915
2012-06-12,0.7866
2012-06-13,0.7984
2012-06-14,0.793
2012-06-15,0.7954
2012-06-18,0.7994
2012-06-19,0.7929
2012-06-20,0.7914
2012-06-21,0.7798
2012-06-25,0.7644
2012-06-26,0.7654
2012-06-27,0.7632
2012-06-28,0.7573
2012-06-29,0.7678
2012-06-30,0.7678
2012-07-02,0.769
2012-07-03,0.7699
2012-07-04,0.769
2012-07-05,0.7595
2012-07-06,0.772
2012-07-09,0.7556
2012-07-10,0.753
2012-07-11,0.7586
2012-07-12,0.7655
2012-07-13,0.7659
2012-07-16,0.7513
2012-07-17,0.7556
2012-07-18,0.7559
2012-07-19,0.7591
2012-07-20,0.7518
2012-07-23,0.7421
2012-07-24,0.7451
2012-07-25,0.7405
2012-07-26,0.7368
2012-07-27,0.7373
2012-07-30,0.7337
2012-07-31,0.7329
2012-08-01,0.7404
2012-08-02,0.734
2012-08-03,0.7395
2012-08-06,0.7488
2012-08-07,0.7497
2012-08-08,0.7501
2012-08-09,0.7563
2012-08-10,0.753
2012-08-13,0.7391
2012-08-14,0.7405
2012-08-15,0.7331
2012-08-16,0.7296
2012-08-17,0.7281
2012-08-20,0.7247
2012-08-21,0.7281
2012-08-22,0.723
2012-08-23,0.725
2012-08-24,0.7174
2012-08-27,0.7036
2012-08-28,0.7068
2012-08-29,0.7
2012-08-30,0.699
2012-08-31,0.6971
2012-09-03,0.7044
2012-09-04,0.6975
2012-09-05,0.6961
2012-09-06,0.7014
2012-09-07,0.7304
2012-09-10,0.7331
2012-09-11,0.7286
2012-09-12,0.731
2012-09-13,0.7248
2012-09-14,0.7296
2012-09-17,0.7131
2012-09-18,0.706
2012-09-19,0.7092
2012-09-20,0.6942
2012-09-21,0.6951
2012-09-24,0.7
2012-09-25,0.6984
2012-09-26,0.6909
2012-09-27,0.7103
2012-09-28,0.7224
2012-09-30,0.7224
2012-10-08,0.7156
2012-10-09,0.7304
2012-10-10,0.7315
2012-10-11,0.725
2012-10-12,0.7256
2012-10-15,0.7226
2012-10-16,0.7235
2012-10-17,0.7243
2012-10-18,0.7349
2012-10-19,0.7338
2012-10-22,0.7365
2012-10-23,0.7277
2012-10-24,0.7265
2012-10-25,0.7214
2012-10-26,0.7085
2012-10-29,0.7049
2012-10-30,0.706
2012-10-31,0.7105
2012-11-01,0.7232
2012-11-02,0.7258
2012-11-05,0.7244
2012-11-06,0.7215
2012-11-07,0.7201
2012-11-08,0.7075
2012-11-09,0.7062
2012-11-12,0.7094
2012-11-13,0.6976
2012-11-14,0.7008
2012-11-15,0.6921
2012-11-16,0.6871
2012-11-19,0.6865
2012-11-20,0.6835
2012-11-21,0.6924
2012-11-22,0.6873
2012-11-23,0.6919
2012-11-26,0.6867
2012-11-27,0.6793
2012-11-28,0.6725
2012-11-29,0.6685
2012-11-30,0.6758
2012-12-03,0.6665
2012-12-04,0.6733
2012-12-05,0.6959
2012-12-06,0.6946
2012-12-07,0.7074
2012-12-10,0.7147
2012-12-11,0.7108
2012-12-12,0.7136
2012-12-13,0.7064
2012-12-14,0.7379
2012-12-17,0.7408
2012-12-18,0.7411
2012-12-19,0.7419
2012-12-20,0.746
2012-12-21,0.7423
2012-12-24,0.7451
2012-12-25,0.765
2012-12-26,0.7676
2012-12-27,0.7636
2012-12-28,0.7743
2012-12-31,0.7877
2013-01-04,0.7881
2013-01-07,0.7915
2013-01-08,0.7883
2013-01-09,0.7885
2013-01-10,0.79
2013-01-11,0.7755
2013-01-14,0.8038
2013-01-15,0.8093
2013-01-16,0.8037
2013-01-17,0.7963
2013-01-18,0.8095
2013-01-21,0.813
2013-01-22,0.809
2013-01-23,0.8121
2013-01-24,0.8047
2013-01-25,0.8015
2013-01-28,0.8253
2013-01-29,0.8327
2013-01-30,0.8365
2013-01-31,0.8359
2013-02-01,0.8525
2013-02-04,0.8539
2013-02-05,0.8608
2013-02-06,0.8617
2013-02-07,0.8567
2013-02-08,0.8602
2013-02-18,0.8501
2013-02-19,0.8349
2013-02-20,0.8401
2013-02-21,0.8128
2013-02-22,0.8086
2013-02-25,0.811
2013-02-26,0.7999
2013-02-27,0.8078
2013-02-28,0.8307
2013-03-01,0.8295
2013-03-04,0.7933
2013-03-05,0.8163
2013-03-06,0.8243
2013-03-07,0.8152
2013-03-08,0.8115
2013-03-11,0.8073
2013-03-12,0.7964
2013-03-13,0.7879
2013-03-14,0.7898
2013-03-15,0.7912
2013-03-18,0.7803
2013-03-19,0.7869
2013-03-20,0.8121
2013-03-21,0.8136
2013-03-22,0.8146
2013-03-25,0.8128
2013-03-26,0.8016
2013-03-27,0.8042
2013-03-28,0.7795
2013-03-29,0.7785
2013-04-01,0.7776
2013-04-02,0.7755
2013-04-03,0.7747
2013-04-08,0.7713
2013-04-09,0.7764
2013-04-10,0.7751
2013-04-11,0.7729
2013-04-12,0.7683
2013-04-15,0.7608
2013-04-16,0.7676
2013-04-17,0.7673
2013-04-18,0.7693
2013-04-19,0.7896
2013-04-22,0.7886
2013-04-23,0.7647
2013-04-24,0.7783
2013-04-25,0.7701
2013-04-26,0.7641
2013-05-02,0.7647
2013-05-03,0.7775
2013-05-06,0.7872
2013-05-07,0.7884
2013-05-08,0.792
2013-05-09,0.7876
2013-05-10,0.7916
2013-05-13,0.7887
2013-05-14,0.7774
2013-05-15,0.7817
2013-05-16,0.7957
2013-05-17,0.8073
2013-05-20,0.8127
2013-05-21,0.8142
2013-05-22,0.8153
2013-05-23,0.8051
2013-05-24,0.8095
2013-05-27,0.8103
2013-05-28,0.8234
2013-05-29,0.8228
2013-05-30,0.8205
2013-05-31,0.8125
2013-06-03,0.8125
2013-06-04,0.8017
2013-06-05,0.8004
2013-06-06,0.7912
2013-06-07,0.7792
2013-06-13,0.7552
2013-06-14,0.7603
2013-06-17,0.7565
2013-06-18,0.7614
2013-06-19,0.7563
2013-06-20,0.7325
2013-06-21,0.7318
2013-06-24,0.6877
2013-06-25,0.686
2013-06-26,0.6875
2013-06-27,0.6855
2013-06-28,0.6983
2013-06-30,0.6983
2013-07-01,0.7026
2013-07-02,0.7055
2013-07-03,0.7009
2013-07-04,0.7064
2013-07-05,0.7079
2013-07-08,0.6896
2013-07-09,0.6894
2013-07-10,0.708
2013-07-11,0.7401
2013-07-12,0.7247
2013-07-15,0.7342
2013-07-16,0.7374
2013-07-17,0.7271
2013-07-18,0.7159
2013-07-19,0.6994
2013-07-22,0.7036
2013-07-23,0.723
2013-07-24,0.7183
2013-07-25,0.715
2013-07-26,0.711
2013-07-29,0.6965
2013-07-30,0.7005
2013-07-31,0.7017
2013-08-01,0.7176
2013-08-02,0.7182
2013-08-05,0.7276
2013-08-06,0.7322
2013-08-07,0.7283
2013-08-08,0.7274
2013-08-09,0.7303
2013-08-12,0.7505
2013-08-13,0.7524
2013-08-14,0.7494
2013-08-15,0.7412
2013-08-16,0.736
2013-08-19,0.7443
2013-08-20,0.7386
2013-08-21,0.7374
2013-08-22,0.7361
2013-08-23,0.7311
2013-08-26,0.7458
2013-08-27,0.7474
2013-08-28,0.7435
2013-08-29,0.7406
2013-08-30,0.7394
2013-09-02,0.7412
2013-09-03,0.7517
2013-09-04,0.7505
2013-09-05,0.7479
2013-09-06,0.7528
2013-09-09,0.7778
2013-09-10,0.7887
2013-09-11,0.7913
2013-09-12,0.7988
2013-09-13,0.7933
2013-09-16,0.7901
2013-09-17,0.7745
2013-09-18,0.7765
2013-09-23,0.7885
2013-09-24,0.7799
2013-09-25,0.7754
2013-09-26,0.7621
2013-09-27,0.7651
2013-09-30,0.7691
2013-10-08,0.7785
2013-10-09,0.782
2013-10-10,0.7747
2013-10-11,0.7857
2013-10-14,0.7866
2013-10-15,0.7851
2013-10-16,0.7719
2013-10-17,0.7692
2013-10-18,0.7727
2013-10-21,0.786
2013-10-22,0.7784
2013-10-23,0.7703
2013-10-24,0.7648
2013-10-25,0.7552
2013-10-28,0.7543
2013-10-29,0.7561
2013-10-30,0.7666
2013-10-31,0.7565
2013-11-01,0.7599
2013-11-04,0.7585
2013-11-05,0.7594
2013-11-06,0.7503
2013-11-07,0.7463
2013-11-08,0.7365
2013-11-11,0.7388
2013-11-12,0.7459
2013-11-13,0.7303
2013-11-14,0.7351
2013-11-15,0.7488
2013-11-18,0.7723
2013-11-19,0.7672
2013-11-20,0.7709
2013-11-21,0.7664
2013-11-22,0.7628
2013-11-25,0.76
2013-11-26,0.7597
2013-11-27,0.7677
2013-11-28,0.775
2013-11-29,0.7749
2013-12-02,0.7688
2013-12-03,0.7758
2013-12-04,0.7855
2013-12-05,0.7834
2013-12-06,0.7786
2013-12-09,0.778
2013-12-10,0.7789
2013-12-11,0.7669
2013-12-12,0.7661
2013-12-13,0.765
2013-12-16,0.7531
2013-12-17,0.7497
2013-12-18,0.7499
2013-12-19,0.7425
2013-12-20,0.7267
2013-12-23,0.7282
2013-12-24,0.7295
2013-12-25,0.7346
2013-12-26,0.7227
2013-12-27,0.734
2013-12-30,0.7329
2013-12-31,0.742
2014-01-02,0.7395
2014-01-03,0.7304
2014-01-06,0.7153
2014-01-07,0.7152
2014-01-08,0.7164
2014-01-09,0.7106
2014-01-10,0.7054
2014-01-13,0.7021
2014-01-14,0.7078
2014-01-15,0.7066
2014-01-16,0.7075
2014-01-17,0.6974
2014-01-20,0.6936
2014-01-21,0.7
2014-01-22,0.717
2014-01-23,0.7134
2014-01-24,0.7176
2014-01-27,0.7085
2014-01-28,0.7097
2014-01-29,0.7121
2014-01-30,0.7045
2014-02-07,0.7074
2014-02-10,0.724
2014-02-11,0.7294
2014-02-12,0.7311
2014-02-13,0.7275
2014-02-14,0.7323
2014-02-17,0.7371
2014-02-18,0.7284
2014-02-19,0.7363
2014-02-20,0.7298
2014-02-21,0.723
2014-02-24,0.7081
2014-02-25,0.6911
2014-02-26,0.6927
2014-02-27,0.6899
2014-02-28,0.6974
2014-03-03,0.7008
2014-03-04,0.699
2014-03-05,0.6928
2014-03-06,0.6957
2014-03-07,0.6941
2014-03-10,0.6728
2014-03-11,0.6762
2014-03-12,0.6778
2014-03-13,0.6857
2014-03-14,0.6804
2014-03-17,0.6864
2014-03-18,0.6849
2014-03-19,0.6797
2014-03-20,0.6695
2014-03-21,0.6912
2014-03-24,0.6965
2014-03-25,0.6958
2014-03-26,0.6948
2014-03-27,0.6903
2014-03-28,0.6891
2014-03-31,0.6874
2014-04-01,0.6924
2014-04-02,0.6977
2014-04-03,0.693
2014-04-04,0.6991
2014-04-08,0.7148
2014-04-09,0.7152
2014-04-10,0.7259
2014-04-11,0.725
2014-04-14,0.7244
2014-04-15,0.7125
2014-04-16,0.7135
2014-04-17,0.7111
2014-04-18,0.7111
2014-04-21,0.6998
2014-04-22,0.7026
2014-04-23,0.702
2014-04-24,0.7009
2014-04-25,0.6941
2014-04-28,0.6842
2014-04-29,0.6913
2014-04-30,0.6915
2014-05-05,0.6908
2014-05-06,0.691
2014-05-07,0.685
2014-05-08,0.6851
2014-05-09,0.6847
2014-05-12,0.6985
2014-05-13,0.6969
2014-05-14,0.6963
2014-05-15,0.6878
2014-05-16,0.6884
2014-05-19,0.6791
2014-05-20,0.6794
2014-05-21,0.6855
2014-05-22,0.6842
2014-05-23,0.6897
2014-05-26,0.6921
2014-05-27,0.6895
2014-05-28,0.6962
2014-05-29,0.692
2014-05-30,0.6924
2014-06-03,0.6906
2014-06-04,0.684
2014-06-05,0.6909
2014-06-06,0.6865
2014-06-09,0.6864
2014-06-10,0.6946
2014-06-11,0.6943
2014-06-12,0.6923
2014-06-13,0.6993
2014-06-16,0.704
2014-06-17,0.698
2014-06-18,0.6954
2014-06-19,0.6855
2014-06-20,0.6891
2014-06-23,0.6885
2014-06-24,0.6928
2014-06-25,0.6898
2014-06-26,0.6948
2014-06-27,0.6956
2014-06-30,0.7002
2014-07-01,0.7001
2014-07-02,0.7023
2014-07-03,0.7056
2014-07-04,0.7053
2014-07-07,0.7047
2014-07-08,0.706
2014-07-09,0.6965
2014-07-10,0.6955
2014-07-11,0.6992
2014-07-14,0.7068
2014-07-15,0.7078
2014-07-16,0.7067
2014-07-17,0.7033
2014-07-18,0.7065
2014-07-21,0.7071
2014-07-22,0.7153
2014-07-23,0.7169
2014-07-24,0.729
2014-07-25,0.7365
2014-07-28,0.756
2014-07-29,0.7584
2014-07-30,0.7561
2014-07-31,0.7648
2014-08-01,0.7584
2014-08-04,0.773
2014-08-05,0.771
2014-08-06,0.7692
2014-08-07,0.7582
2014-08-08,0.7596
2014-08-11,0.7701
2014-08-12,0.7675
2014-08-13,0.768
2014-08-14,0.761
2014-08-15,0.7688
2014-08-18,0.7731
2014-08-19,0.7731
2014-08-20,0.7706
2014-08-21,0.7669
2014-08-22,0.7703
2014-08-25,0.7634
2014-08-26,0.7576
2014-08-27,0.7587
2014-08-28,0.7537
2014-08-29,0.762
2014-09-01,0.7672
2014-09-02,0.7767
2014-09-03,0.7836
2014-09-04,0.7889
2014-09-05,0.796
2014-09-09,0.7946
2014-09-10,0.7908
2014-09-11,0.788
2014-09-12,0.7926
2014-09-15,0.7923
2014-09-16,0.7775
2014-09-17,0.7813
2014-09-18,0.7835
2014-09-19,0.7886
2014-09-22,0.7743
2014-09-23,0.7806
2014-09-24,0.7936
2014-09-25,0.7921
2014-09-26,0.792
2014-09-29,0.7951
2014-09-30,0.7961
2014-10-08,0.8044
2014-10-09,0.8056
2014-10-10,0.8009
2014-10-13,0.7973
2014-10-14,0.7946
2014-10-15,0.7998
2014-10-16,0.7938
2014-10-17,0.793
2014-10-20,0.7969
2014-10-21,0.7904
2014-10-22,0.7859
2014-10-23,0.779
2014-10-24,0.7774
2014-10-27,0.7707
2014-10-28,0.7853
2014-10-29,0.7959
2014-10-30,0.8013
2014-10-31,0.8133
2014-11-03,0.8146
2014-11-04,0.8148
2014-11-05,0.8119
2014-11-06,0.8126
2014-11-07,0.8114
2014-11-10,0.8308
2014-11-11,0.8287
2014-11-12,0.8393
2014-11-13,0.835
2014-11-14,0.8353
2014-11-17,0.8311
2014-11-18,0.8233
2014-11-19,0.822
2014-11-20,0.822
2014-11-21,0.8363
2014-11-24,0.8561
2014-11-25,0.8668
2014-11-26,0.8781
2014-11-27,0.8872
2014-11-28,0.9038
2014-12-01,0.9072
2014-12-02,0.9388
2014-12-03,0.9519
2014-12-04,0.9922
2014-12-05,0.9981
2014-12-08,1.0366
2014-12-09,0.9941
2014-12-10,1.028
2014-12-11,1.0155
2014-12-12,1.0187
2014-12-15,1.0257
2014-12-16,1.0512
2014-12-17,1.0685
2014-12-18,1.0643
2014-12-19,1.0757
2014-12-22,1.0787
2014-12-23,1.058
2014-12-24,1.0298
2014-12-25,1.0609
2014-12-26,1.0936
2014-12-29,1.0965
2014-12-30,1.0972
2014-12-31,1.1199
2015-01-05,1.1522
2015-01-06,1.1511
2015-01-07,1.152
2015-01-08,1.1268
2015-01-09,1.123
2015-01-12,1.1129
2015-01-13,1.113
2015-01-14,1.1098
2015-01-15,1.1398
2015-01-16,1.1489
2015-01-19,1.0649
2015-01-20,1.0773
2015-01-21,1.1224
2015-01-22,1.1277
2015-01-23,1.1289
2015-01-26,1.1389
2015-01-27,1.1292
2015-01-28,1.1145
2015-01-29,1.1015
2015-01-30,1.0873
2015-02-02,1.0594
2015-02-03,1.084
2015-02-04,1.0738
2015-02-05,1.0639
2015-02-06,1.048
2015-02-09,1.0577
2015-02-10,1.0755
2015-02-11,1.0834
2015-02-12,1.086
2015-02-13,1.0938
2015-02-16,1.1027
2015-02-17,1.1094
2015-02-25,1.0964
2015-02-26,1.1222
2015-02-27,1.1241
2015-03-02,1.1321
2015-03-03,1.1045
2015-03-04,1.1112
2015-03-05,1.1011
2015-03-06,1.0958
2015-03-09,1.1132
2015-03-10,1.1082
2015-03-11,1.1091
2015-03-12,1.1292
2015-03-13,1.1365
2015-03-16,1.1626
2015-03-17,1.1777
2015-03-18,1.204
2015-03-19,1.2023
2015-03-20,1.218
2015-03-23,1.2417
2015-03-24,1.2423
2015-03-25,1.2327
2015-03-26,1.2353
2015-03-27,1.2417
2015-03-30,1.2755
2015-03-31,1.2649
2015-04-01,1.286
2015-04-02,1.2864
2015-04-03,1.2997
2015-04-07,1.3257
2015-04-08,1.336
2015-04-09,1.3258
2015-04-10,1.3499
2015-04-13,1.3726
2015-04-14,1.3779
2015-04-15,1.3611
2015-04-16,1.4001
2015-04-17,1.4239
2015-04-20,1.4023
2015-04-21,1.4304
2015-04-22,1.4662
2015-04-23,1.4668
2015-04-24,1.456
2015-04-27,1.4864
2015-04-28,1.4676
2015-04-29,1.477
2015-04-30,1.4706
2015-05-04,1.4812
2015-05-05,1.4258
2015-05-06,1.4137
2015-05-07,1.3891
2015-05-08,1.4146
2015-05-11,1.4522
2015-05-12,1.4684
2015-05-13,1.4607
2015-05-14,1.4561
2015-05-15,1.4326
2015-05-18,1.4208
2015-05-19,1.4655
2015-05-20,1.4735
2015-05-21,1.498
2015-05-22,1.5295
2015-05-25,1.5714
2015-05-26,1.5989
2015-05-27,1.5949
2015-05-28,1.4961
2015-05-29,1.4985
2015-06-01,1.5674
2015-06-02,1.5924
2015-06-03,1.5879
2015-06-04,1.5994
2015-06-05,1.6136
2015-06-08,1.6485
2015-06-09,1.6377
2015-06-10,1.636
2015-06-11,1.6357
2015-06-12,1.6443
2015-06-15,1.6112
2015-06-16,1.566
2015-06-17,1.5872
2015-06-18,1.5272
2015-06-19,1.4436
2015-06-23,1.4876
2015-06-24,1.5149
2015-06-25,1.4646
2015-06-26,1.3581
2015-06-29,1.3151
2015-06-30,1.3984
2015-07-01,1.3349
2015-07-02,1.2926
2015-07-03,1.2298
2015-07-06,1.2628
2015-07-07,1.2422
2015-07-08,1.1892
2015-07-09,1.2578
2015-07-10,1.3152
2015-07-13,1.3435
2015-07-14,1.3095
2015-07-15,1.2665
2015-07-16,1.2753
2015-07-17,1.3206
2015-07-20,1.3223
2015-07-21,1.3245
2015-07-22,1.3219
2015-07-23,1.3505
2015-07-24,1.3281
2015-07-27,1.2211
2015-07-28,1.2184
2015-07-29,1.2544
2015-07-30,1.2197
2015-07-31,1.2203
2015-08-03,1.2236
2015-08-04,1.2601
2015-08-05,1.2355
2015-08-06,1.2249
2015-08-07,1.2478
2015-08-10,1.2981
2015-08-11,1.2926
2015-08-12,1.2778
2015-08-13,1.2953
2015-08-14,1.2947
2015-08-17,1.2955
2015-08-18,1.2197
2015-08-19,1.2375
2015-08-20,1.1996
2015-08-21,1.1475
2015-08-24,1.0536
2015-08-25,0.9827
2015-08-26,0.9775
2015-08-27,1.0314
2015-08-28,1.0732
2015-08-31,1.0797
2015-09-01,1.0777
2015-09-02,1.0791
2015-09-07,1.0463
2015-09-08,1.0727
2015-09-09,1.0929
2015-09-10,1.0802
2015-09-11,1.0773
2015-09-14,1.0555
2015-09-15,1.0173
2015-09-16,1.0654
2015-09-17,1.0444
2015-09-18,1.0487
2015-09-21,1.0661
2015-09-22,1.0754
2015-09-23,1.053
2015-09-24,1.0596
2015-09-25,1.0434
2015-09-28,1.0468
2015-09-29,1.0278
2015-09-30,1.0351
2015-10-08,1.0632
2015-10-09,1.0765
2015-10-12,1.1092
2015-10-13,1.1086
2015-10-14,1.0968
2015-10-15,1.1215
2015-10-16,1.1358
2015-10-19,1.1356
2015-10-20,1.1489
2015-10-21,1.1169
2015-10-22,1.1328
2015-10-23,1.1469
2015-10-26,1.1522
2015-10-27,1.1519
2015-10-28,1.1312
2015-10-29,1.1322
2015-10-30,1.1328
2015-11-02,1.1154
2015-11-03,1.1121
2015-11-04,1.1612
2015-11-05,1.1841
2015-11-06,1.2107
2015-11-09,1.2249
2015-11-10,1.2227
2015-11-11,1.223
2015-11-12,1.2116
2015-11-13,1.1973
2015-11-16,1.2051
2015-11-17,1.2035
2015-11-18,1.1907
2015-11-19,1.2086
2015-11-20,1.2084
2015-11-23,1.2021
2015-11-24,1.2024
2015-11-25,1.2109
2015-11-26,1.2042
2015-11-27,1.1437
2015-11-30,1.1463
2015-12-01,1.1536
2015-12-02,1.1918
2015-12-03,1.2003
2015-12-04,1.1793
2015-12-07,1.1825
2015-12-08,1.1635
2015-12-09,1.1672
2015-12-10,1.1634
2015-12-11,1.1587
2015-12-14,1.1889
2015-12-15,1.184
2015-12-16,1.1815
2015-12-17,1.2026
2015-12-18,1.2062
2015-12-21,1.2351
2015-12-22,1.2384
2015-12-23,1.2352
2015-12-24,1.2246
2015-12-25,1.2271
2015-12-28,1.1945
2015-12-29,1.2042
2015-12-30,1.2055
2015-12-31,1.1953
2016-01-04,1.1181
2016-01-05,1.1198
2016-01-06,1.1379
2016-01-07,1.0628
2016-01-08,1.0823
2016-01-11,1.0315
2016-01-12,1.0383
2016-01-13,1.0201
2016-01-14,1.0399
2016-01-15,1.0087
2016-01-18,1.0127
2016-01-19,1.0406
2016-01-20,1.0256
2016-01-21,0.998
2016-01-22,1.0075
2016-01-25,1.0122
2016-01-26,0.956
2016-01-27,0.9526
2016-01-28,0.9296
2016-01-29,0.9574
2016-02-01,0.9439
2016-02-02,0.9626
2016-02-03,0.9586
2016-02-04,0.9692
2016-02-05,0.9626
2016-02-15,0.9574
2016-02-16,0.9851
2016-02-17,0.9931
2016-02-18,0.9905
2016-02-19,0.9898
2016-02-22,1.01
2016-02-23,1.001
2016-02-24,1.0072
2016-02-25,0.9489
2016-02-26,0.9578
2016-02-29,0.9358
2016-03-01,0.9522
2016-03-02,0.9892
2016-03-03,0.9912
2016-03-04,1.0011
2016-03-07,1.0046
2016-03-08,1.0052
2016-03-09,0.9941
2016-03-10,0.9763
2016-03-11,0.9776
2016-03-14,0.9926
2016-03-15,0.9951
2016-03-16,0.9994
2016-03-17,1.0106
2016-03-18,1.0254
2016-03-21,1.0499
2016-03-22,1.0427
2016-03-23,1.0458
2016-03-24,1.0295
2016-03-25,1.0345
2016-03-28,1.0259
2016-03-29,1.0151
2016-03-30,1.04
2016-03-31,1.0406
2016-04-01,1.0418
2016-04-05,1.055
2016-04-06,1.0533
2016-04-07,1.0386
2016-04-08,1.0314
2016-04-11,1.0448
2016-04-12,1.0412
2016-04-13,1.0542
2016-04-14,1.0587
2016-04-15,1.0576
2016-04-18,1.0442
2016-04-19,1.0472
2016-04-20,1.0287
2016-04-21,1.0223
2016-04-22,1.027
2016-04-25,1.0229
2016-04-26,1.0283
2016-04-27,1.0244
2016-04-28,1.023
2016-04-29,1.022
2016-05-03,1.0398
2016-05-04,1.0387
2016-05-05,1.0404
2016-05-06,1.015
2016-05-09,0.9948
2016-05-10,0.9958
2016-05-11,0.9999
2016-05-12,1.0016
2016-05-13,0.9964
2016-05-16,1.0023
2016-05-17,0.9997
2016-05-18,0.9943
2016-05-19,0.9926
2016-05-20,0.9975
2016-05-23,1.0006
2016-05-24,0.9933
2016-05-25,0.9921
2016-05-26,0.9936
2016-05-27,0.9931
2016-05-30,0.9943
2016-05-31,1.0262
2016-06-01,1.0235
2016-06-02,1.0256
2016-06-03,1.0326
2016-06-06,1.0306
2016-06-07,1.0301
2016-06-08,1.0264
2016-06-13,0.996
2016-06-14,0.9991
2016-06-15,1.0119
2016-06-16,1.0059
2016-06-17,1.0113
2016-06-20,1.0122
2016-06-21,1.0103
2016-06-22,1.0191
2016-06-23,1.0148
2016-06-24,1.0037
2016-06-27,1.0174
2016-06-28,1.0227
2016-06-29,1.0275
2016-06-30,1.0287
2016-07-01,1.0292
2016-07-04,1.0473
2016-07-05,1.0508
2016-07-06,1.0552
2016-07-07,1.055
2016-07-08,1.0512
2016-07-11,1.055
2016-07-12,1.0766
2016-07-13,1.0816
2016-07-14,1.0798
2016-07-15,1.0803
2016-07-18,1.0761
2016-07-19,1.0722
2016-07-20,1.0691
2016-07-21,1.0737
2016-07-22,1.0654
2016-07-25,1.0674
2016-07-26,1.0794
2016-07-27,1.0637
2016-07-28,1.0646
2016-07-29,1.0599
2016-08-01,1.0515
2016-08-02,1.0555
2016-08-03,1.057
2016-08-04,1.0594
2016-08-05,1.061
2016-08-08,1.0699
2016-08-09,1.0771
2016-08-10,1.073
2016-08-11,1.0703
2016-08-12,1.0893
2016-08-15,1.12
2016-08-16,1.1154
2016-08-17,1.1139
2016-08-18,1.1115
2016-08-19,1.1123
2016-08-22,1.1037
2016-08-23,1.1056
2016-08-24,1.1023
2016-08-25,1.0959
2016-08-26,1.0955
2016-08-29,1.0958
2016-08-30,1.0971
2016-08-31,1.102
2016-09-01,1.094
2016-09-02,1.0979
2016-09-05,1.0999
2016-09-06,1.1071
2016-09-07,1.1065
2016-09-08,1.1061
2016-09-09,1.0997
2016-09-12,1.0826
2016-09-13,1.0819
2016-09-14,1.0753
2016-09-19,1.0831
2016-09-20,1.0812
2016-09-21,1.0842
2016-09-22,1.0918
2016-09-23,1.087
2016-09-26,1.0702
2016-09-27,1.0766
2016-09-28,1.0735
2016-09-29,1.0777
2016-09-30,1.0806
2016-10-10,1.0931
2016-10-11,1.097
2016-10-12,1.095
2016-10-13,1.0958
2016-10-14,1.0968
2016-10-17,1.0881
2016-10-18,1.1017
2016-10-19,1.1001
2016-10-20,1.1009
2016-10-21,1.1037
2016-10-24,1.1161
2016-10-25,1.116
2016-10-26,1.1121
2016-10-27,1.1094
2016-10-28,1.1076
2016-10-31,1.1064
2016-11-01,1.1135
2016-11-02,1.1056
2016-11-03,1.1154
2016-11-04,1.112
2016-11-07,1.1128
2016-11-08,1.1173
2016-11-09,1.1117
2016-11-10,1.1234
2016-11-11,1.1316
2016-11-14,1.1357
2016-11-15,1.1356
2016-11-16,1.1358
2016-11-17,1.1379
2016-11-18,1.1321
2016-11-21,1.1395
2016-11-22,1.1479
2016-11-23,1.1499
2016-11-24,1.1543
2016-11-25,1.1643
2016-11-28,1.1687
2016-11-29,1.1776
2016-11-30,1.1695
2016-12-01,1.1779
2016-12-02,1.1667
2016-12-05,1.1484
2016-12-06,1.1453
2016-12-07,1.1505
2016-12-08,1.1489
2016-12-09,1.156
2016-12-12,1.1297
2016-12-13,1.1285
2016-12-14,1.1204
2016-12-15,1.1085
2016-12-16,1.1102
2016-12-19,1.1049
2016-12-20,1.0987
2016-12-21,1.1079
2016-12-22,1.1071
2016-12-23,1.0984
2016-12-26,1.1031
2016-12-27,1.1012
2016-12-28,1.0966
2016-12-29,1.0953
2016-12-30,1.0992
2016-12-31,1.0992
2017-01-03,1.1093
2017-01-04,1.1174
2017-01-05,1.1173
2017-01-06,1.111
2017-01-09,1.1161
2017-01-10,1.1144
2017-01-11,1.107
2017-01-12,1.1018
2017-01-13,1.1024
2017-01-16,1.1022
2017-01-17,1.1043
2017-01-18,1.1084
2017-01-19,1.1052
2017-01-20,1.1132
2017-01-23,1.1162
2017-01-24,1.1164
2017-01-25,1.12
2017-01-26,1.1239
2017-02-03,1.1165
2017-02-06,1.1192
2017-02-07,1.1169
2017-02-08,1.1224
2017-02-09,1.1265
2017-02-10,1.1319
2017-02-13,1.139
2017-02-14,1.1389
2017-02-15,1.1346
2017-02-16,1.1406
2017-02-17,1.1346
2017-02-20,1.1501
2017-02-21,1.1537
2017-02-22,1.1559
2017-02-23,1.1508
2017-02-24,1.151
2017-02-27,1.1424
2017-02-28,1.1446
2017-03-01,1.1463
2017-03-02,1.1391
2017-03-03,1.1369
2017-03-06,1.1428
2017-03-07,1.1452
2017-03-08,1.1436
2017-03-09,1.1369
2017-03-10,1.1372
2017-03-13,1.1466
2017-03-14,1.1463
2017-03-15,1.1485
2017-03-16,1.1542
2017-03-17,1.1431
2017-03-20,1.1443
2017-03-21,1.1496
2017-03-22,1.1446
2017-03-23,1.1484
2017-03-24,1.157
2017-03-27,1.1534
2017-03-28,1.151
2017-03-29,1.1498
2017-03-30,1.1411
2017-03-31,1.1474
2017-04-05,1.1624
2017-04-06,1.1658
2017-04-07,1.1671
2017-04-10,1.1632
2017-04-11,1.1669
2017-04-12,1.1644
2017-04-13,1.1661
2017-04-14,1.1574
2017-04-17,1.1553
2017-04-18,1.1501
2017-04-19,1.1449
2017-04-20,1.1497
2017-04-21,1.1513
2017-04-24,1.1403
2017-04-25,1.1433
2017-04-26,1.1446
2017-04-27,1.1452
2017-04-28,1.143
2017-05-02,1.1389
2017-05-03,1.1347
2017-05-04,1.132
2017-05-05,1.1252
2017-05-08,1.1177
2017-05-09,1.1162
2017-05-10,1.1121
2017-05-11,1.1181
2017-05-12,1.1274
2017-05-15,1.1319
2017-05-16,1.1413
2017-05-17,1.1355
2017-05-18,1.1319
2017-05-19,1.1338
2017-05-22,1.1361
2017-05-23,1.1402
2017-05-24,1.1402
2017-05-25,1.1598
2017-05-26,1.1582
2017-05-31,1.1622
2017-06-01,1.1637
2017-06-02,1.1603
2017-06-05,1.155
2017-06-06,1.1626
2017-06-07,1.1757
2017-06-08,1.1843
2017-06-09,1.1895
2017-06-12,1.1889
2017-06-13,1.1916
2017-06-14,1.1791
2017-06-15,1.1773
2017-06-16,1.1756
2017-06-19,1.1867
2017-06-20,1.1844
2017-06-21,1.1974
2017-06-22,1.1984
2017-06-23,1.2085
2017-06-26,1.2227
2017-06-27,1.2248
2017-06-28,1.2158
2017-06-29,1.2234
2017-06-30,1.2231
2017-07-03,1.2181
2017-07-04,1.2086
2017-07-05,1.2223
2017-07-06,1.2231
2017-07-07,1.223
2017-07-10,1.223
2017-07-11,1.2295
2017-07-12,1.2263
2017-07-13,1.2359
2017-07-14,1.2421
2017-07-17,1.2295
2017-07-18,1.231
2017-07-19,1.2511
2017-07-20,1.2568
2017-07-21,1.2511
2017-07-24,1.2559
2017-07-25,1.2485
2017-07-26,1.244
2017-07-27,1.2464
2017-07-28,1.2496
2017-07-31,1.2546
2017-08-01,1.2649
2017-08-02,1.2623
2017-08-03,1.252
2017-08-04,1.2458
2017-08-07,1.2518
2017-08-08,1.2538
2017-08-09,1.2534
2017-08-10,1.2487
2017-08-11,1.2272
2017-08-14,1.2423
2017-08-15,1.2459
2017-08-16,1.2446
2017-08-17,1.2509
2017-08-18,1.2522
2017-08-21,1.2575
2017-08-22,1.2611
2017-08-23,1.2622
2017-08-24,1.2556
2017-08-25,1.275
2017-08-28,1.2897
2017-08-29,1.2878
2017-08-30,1.2877
2017-08-31,1.2839
2017-09-01,1.2867
2017-09-04,1.2922
2017-09-05,1.2957
2017-09-06,1.2933
2017-09-07,1.2872
2017-09-08,1.2859
2017-09-11,1.2858
2017-09-12,1.2896
2017-09-13,1.291
2017-09-14,1.287
2017-09-15,1.2873
2017-09-18,1.2911
2017-09-19,1.2876
2017-09-20,1.291
2017-09-21,1.2896
2017-09-22,1.2895
2017-09-25,1.2831
2017-09-26,1.2843
2017-09-27,1.2844
2017-09-28,1.2848
2017-09-29,1.2893
2017-10-09,1.3036
2017-10-10,1.306
2017-10-11,1.31
2017-10-12,1.3132
2017-10-13,1.3157
2017-10-16,1.3133
2017-10-17,1.3133
2017-10-18,1.323
2017-10-19,1.319
2017-10-20,1.3178
2017-10-23,1.319
2017-10-24,1.3281
2017-10-25,1.3338
2017-10-26,1.339
2017-10-27,1.348
2017-10-30,1.3441
2017-10-31,1.3432
2017-11-01,1.34
2017-11-02,1.3402
2017-11-03,1.3388
2017-11-06,1.3477
2017-11-07,1.3581
2017-11-08,1.3562
2017-11-09,1.365
2017-11-10,1.3763
2017-11-13,1.3815
2017-11-14,1.3725
2017-11-15,1.3643
2017-11-16,1.3741
2017-11-17,1.3791
2017-11-20,1.3863
2017-11-21,1.4093
2017-11-22,1.4126
2017-11-23,1.3736
2017-11-24,1.3743
2017-11-27,1.3572
2017-11-28,1.359
2017-11-29,1.3584
2017-11-30,1.3437
2017-12-01,1.3412
2017-12-04,1.3475
2017-12-05,1.3543
2017-12-06,1.3466
2017-12-07,1.3325
2017-12-08,1.3426
2017-12-11,1.3602
2017-12-12,1.3435
2017-12-13,1.3541
2017-12-14,1.3466
2017-12-15,1.3324
2017-12-18,1.3337
2017-12-19,1.3494
2017-12-20,1.3479
2017-12-21,1.3596
2017-12-22,1.3554
2017-12-25,1.3512
2017-12-26,1.3551
2017-12-27,1.3354
2017-12-28,1.3441
2017-12-29,1.3479
2017-12-31,1.3479
2018-01-02,1.3657
2018-01-03,1.3732
2018-01-04,1.3787
2018-01-05,1.3818
2018-01-08,1.3885
2018-01-09,1.3975
2018-01-10,1.4033
2018-01-11,1.4027
2018-01-12,1.4087
2018-01-15,1.4088
2018-01-16,1.4191
2018-01-17,1.416
2018-01-18,1.4234
2018-01-19,1.4277
2018-01-22,1.4436
2018-01-23,1.4581
2018-01-24,1.4604
2018-01-25,1.4527
2018-01-26,1.458
2018-01-29,1.4333
2018-01-30,1.4189
2018-01-31,1.4252
2018-02-01,1.4157
2018-02-02,1.4236
2018-02-05,1.4246
2018-02-06,1.3853
2018-02-07,1.3546
2018-02-08,1.3426
2018-02-09,1.2907
2018-02-12,1.3062
2018-02-13,1.3203
2018-02-14,1.3302
2018-02-22,1.3569
2018-02-23,1.3626
2018-02-26,1.3774
2018-02-27,1.359
2018-02-28,1.3479
2018-03-01,1.356
2018-03-02,1.3458
2018-03-05,1.3464
2018-03-06,1.3616
2018-03-07,1.3522
2018-03-08,1.365
2018-03-09,1.3748
2018-03-12,1.3808
2018-03-13,1.3693
2018-03-14,1.3636
2018-03-15,1.3707
2018-03-16,1.3582
2018-03-19,1.3639
2018-03-20,1.365
2018-03-21,1.3596
2018-03-22,1.3466
2018-03-23,1.3095
2018-03-26,1.3016
2018-03-27,1.3121
2018-03-28,1.2899
2018-03-29,1.306
2018-03-30,1.3076
2018-04-02,1.304
2018-04-03,1.2964
2018-04-04,1.294
2018-04-09,1.2934
2018-04-10,1.3168
2018-04-11,1.3204
2018-04-12,1.3079
2018-04-13,1.2993
2018-04-16,1.2797
2018-04-17,1.2607
2018-04-18,1.2664
2018-04-19,1.2806
2018-04-20,1.2648
2018-04-23,1.2665
2018-04-24,1.2908
2018-04-25,1.2862
2018-04-26,1.2632
2018-04-27,1.2636
2018-05-02,1.2655
2018-05-03,1.2746
2018-05-04,1.2694
2018-05-07,1.288
2018-05-08,1.3019
2018-05-09,1.2998
2018-05-10,1.3065
2018-05-11,1.3001
2018-05-14,1.3115
2018-05-15,1.3162
2018-05-16,1.3064
2018-05-17,1.2974
2018-05-18,1.3097
2018-05-21,1.3156
2018-05-22,1.3112
2018-05-23,1.295
2018-05-24,1.2863
2018-05-25,1.2838
2018-05-28,1.289
2018-05-29,1.28
2018-05-30,1.2547
2018-05-31,1.2797
2018-06-01,1.2697
2018-06-04,1.2814
2018-06-05,1.2938
2018-06-06,1.2913
2018-06-07,1.2909
2018-06-08,1.275
2018-06-11,1.2752
2018-06-12,1.2897
2018-06-13,1.2779
2018-06-14,1.2733
2018-06-15,1.269
2018-06-19,1.2273
2018-06-20,1.232
2018-06-21,1.2189
2018-06-22,1.2247
2018-06-25,1.2093
2018-06-26,1.2002
2018-06-27,1.1776
2018-06-28,1.1666
2018-06-29,1.1953
2018-06-30,1.1953
2018-07-02,1.163
2018-07-03,1.1639
2018-07-04,1.1496
2018-07-05,1.1433
2018-07-06,1.1511
2018-07-09,1.1813
2018-07-10,1.1846
2018-07-11,1.1655
2018-07-12,1.1909
2018-07-13,1.1958
2018-07-16,1.1904
2018-07-17,1.1844
2018-07-18,1.1789
2018-07-19,1.178
2018-07-20,1.1991
2018-07-23,1.2098
2018-07-24,1.2279
2018-07-25,1.2268
2018-07-26,1.2133
2018-07-27,1.2089
2018-07-30,1.207
2018-07-31,1.208
2018-08-01,1.1856
2018-08-02,1.161
2018-08-03,1.1432
2018-08-06,1.1295
2018-08-07,1.1604
2018-08-08,1.1433
2018-08-09,1.1701
2018-08-10,1.1727
2018-08-13,1.1679
2018-08-14,1.1621
2018-08-15,1.1362
2018-08-16,1.1313
2018-08-17,1.1161
2018-08-20,1.1283
2018-08-21,1.1477
2018-08-22,1.1418
2018-08-23,1.1463
2018-08-24,1.1484
2018-08-27,1.1747
2018-08-28,1.1727
2018-08-29,1.1683
2018-08-30,1.1569
2018-08-31,1.1514
2018-09-03,1.1474
2018-09-04,1.1611
2018-09-05,1.1397
2018-09-06,1.1291
2018-09-07,1.1338
2018-09-10,1.1184
2018-09-11,1.1164
2018-09-12,1.1094
2018-09-13,1.1206
2018-09-14,1.1224
2018-09-17,1.1102
2018-09-18,1.1312
2018-09-19,1.1451
2018-09-20,1.1444
2018-09-21,1.177
2018-09-25,1.1671
2018-09-26,1.1792
2018-09-27,1.1748
2018-09-28,1.1863
2018-10-08,1.1382
2018-10-09,1.1375
2018-10-10,1.1353
2018-10-11,1.0842
2018-10-12,1.0993
2018-10-15,1.0849
2018-10-16,1.0767
2018-10-17,1.0819
2018-10-18,1.0584
2018-10-19,1.0878
2018-10-22,1.1317
2018-10-23,1.1038
2018-10-24,1.1054
2018-10-25,1.1075
2018-10-26,1.1008
2018-10-29,1.0698
2018-10-30,1.0807
2018-10-31,1.0949
2018-11-01,1.1025
2018-11-02,1.1393
2018-11-05,1.1304
2018-11-06,1.1242
2018-11-07,1.1175
2018-11-08,1.1143
2018-11-09,1.0996
2018-11-12,1.1118
2018-11-13,1.1222
2018-11-14,1.1116
2018-11-15,1.1241
2018-11-16,1.1291
2018-11-19,1.1411
2018-11-20,1.1162
2018-11-21,1.1189
2018-11-22,1.115
2018-11-23,1.0919
2018-11-26,1.0911
2018-11-27,1.0898
2018-11-28,1.1034
2018-11-29,1.0899
2018-11-30,1.1013
2018-12-03,1.1301
2018-12-04,1.1323
2018-12-05,1.1271
2018-12-06,1.1042
2018-12-07,1.1044
2018-12-10,1.0925
2018-12-11,1.0974
2018-12-12,1.101
2018-12-13,1.1171
2018-12-14,1.0991
2018-12-17,1.0975
2018-12-18,1.0869
2018-12-19,1.0748
2018-12-20,1.0671
2018-12-21,1.0548
2018-12-24,1.0577
2018-12-25,1.0509
2018-12-26,1.046
2018-12-27,1.0423
2018-12-28,1.0487
2018-12-31,1.0486
2019-01-02,1.035
2019-01-03,1.0334
2019-01-04,1.0563
2019-01-07,1.0622
2019-01-08,1.0601
2019-01-09,1.07
2019-01-10,1.068
2019-01-11,1.0752
2019-01-14,1.0664
2019-01-15,1.086
2019-01-16,1.0863
2019-01-17,1.0806
2019-01-18,1.0991
2019-01-21,1.1048
2019-01-22,1.091
2019-01-23,1.0905
2019-01-24,1.0963
2019-01-25,1.1048
2019-01-28,1.1047
2019-01-29,1.108
2019-01-30,1.0997
2019-01-31,1.1104
2019-02-01,1.1251
2019-02-11,1.1439
2019-02-12,1.1513
2019-02-13,1.1728
2019-02-14,1.1741
2019-02-15,1.1532
2019-02-18,1.1881
2019-02-19,1.1858
2019-02-20,1.1896
2019-02-21,1.1868
2019-02-22,1.2117
2019-02-25,1.2802
2019-02-26,1.2657
2019-02-27,1.2634
2019-02-28,1.2601
2019-03-01,1.2859
2019-03-04,1.2999
2019-03-05,1.3065
2019-03-06,1.3167
2019-03-07,1.3046
2019-03-08,1.2561
2019-03-11,1.2793
2019-03-12,1.2876
2019-03-13,1.2777
2019-03-14,1.2697
2019-03-15,1.2849
2019-03-18,1.319
2019-03-19,1.3131
2019-03-20,1.3134
2019-03-21,1.3138
2019-03-22,1.3129
2019-03-25,1.2837
2019-03-26,1.2703
2019-03-27,1.2839
2019-03-28,1.279
2019-03-29,1.3246
2019-04-01,1.3569
2019-04-02,1.356
2019-04-03,1.3721
2019-04-04,1.3852
2019-04-08,1.3842
2019-04-09,1.3894
2019-04-10,1.3926
2019-04-11,1.3646
2019-04-12,1.3619
2019-04-15,1.3576
2019-04-16,1.393
2019-04-17,1.3934
2019-04-18,1.3888
2019-04-19,1.4045
2019-04-22,1.374
2019-04-23,1.3717
2019-04-24,1.3753
2019-04-25,1.3471
2019-04-26,1.3304
2019-04-29,1.334
2019-04-30,1.338
2019-05-06,1.2653
2019-05-07,1.2752
2019-05-08,1.2583
2019-05-09,1.2369
2019-05-10,1.279
2019-05-13,1.2594
2019-05-14,1.2519
2019-05-15,1.2784
2019-05-16,1.2837
2019-05-17,1.2537
2019-05-20,1.2437
2019-05-21,1.2592
2019-05-22,1.2538
2019-05-23,1.234
2019-05-24,1.2377
2019-05-27,1.2523
2019-05-28,1.2642
2019-05-29,1.2616
2019-05-30,1.255
2019-05-31,1.2522
2019-06-03,1.2536
2019-06-04,1.2427
2019-06-05,1.2426
2019-06-06,1.2326
2019-06-10,1.2475
2019-06-11,1.2836
2019-06-12,1.2747
2019-06-13,1.2729
2019-06-14,1.2636
2019-06-17,1.2636
2019-06-18,1.2678
2019-06-19,1.2856
2019-06-20,1.3222
2019-06-21,1.3241
2019-06-24,1.3263
2019-06-25,1.3134
2019-06-26,1.3116
2019-06-27,1.3254
2019-06-28,1.3236
2019-06-30,1.3236
2019-07-01,1.3594
2019-07-02,1.3598
2019-07-03,1.3464
2019-07-04,1.3398
2019-07-05,1.3474
2019-07-08,1.3182
2019-07-09,1.3158
2019-07-10,1.3143
2019-07-11,1.3149
2019-07-12,1.3247
2019-07-15,1.3296
2019-07-16,1.324
2019-07-17,1.3235
2019-07-18,1.3122
2019-07-19,1.3255
2019-07-22,1.317
2019-07-23,1.3203
2019-07-24,1.3302
2019-07-25,1.3405
2019-07-26,1.3433
2019-07-29,1.3418
2019-07-30,1.3471
2019-07-31,1.3349
2019-08-01,1.3242
2019-08-02,1.3061
2019-08-05,1.2827
2019-08-06,1.2705
2019-08-07,1.2655
2019-08-08,1.2814
2019-08-09,1.2698
2019-08-12,1.2915
2019-08-13,1.2805
2019-08-14,1.2861
2019-08-15,1.2906
2019-08-16,1.2961
2019-08-19,1.323
2019-08-20,1.3218
2019-08-21,1.3199
2019-08-22,1.3239
2019-08-23,1.333
2019-08-26,1.3152
2019-08-27,1.3321
2019-08-28,1.3274
2019-08-29,1.3234
2019-08-30,1.3265
2019-09-02,1.3426
2019-09-03,1.3442
2019-09-04,1.3558
2019-09-05,1.3686
2019-09-06,1.3765
2019-09-09,1.3844
2019-09-10,1.3799
2019-09-11,1.3704
2019-09-12,1.3843
2019-09-16,1.3794
2019-09-17,1.3577
2019-09-18,1.3639
2019-09-19,1.3685
2019-09-20,1.3722
2019-09-23,1.3572
2019-09-24,1.3608
2019-09-25,1.3511
2019-09-26,1.3413
2019-09-27,1.3451
2019-09-30,1.3327
2019-10-08,1.3401
2019-10-09,1.3418
2019-10-10,1.3522
2019-10-11,1.3646
2019-10-14,1.3782
2019-10-15,1.3728
2019-10-16,1.3682
2019-10-17,1.369
2019-10-18,1.3505
2019-10-21,1.3541
2019-10-22,1.3591
2019-10-23,1.351
2019-10-24,1.3508
2019-10-25,1.3595
2019-10-28,1.3692
2019-10-29,1.3638
2019-10-30,1.3576
2019-10-31,1.3561
2019-11-01,1.3778
2019-11-04,1.386
2019-11-05,1.3941
2019-11-06,1.3884
2019-11-07,1.3907
2019-11-08,1.3846
2019-11-11,1.3617
2019-11-12,1.3618
2019-11-13,1.3601
2019-11-14,1.3619
2019-11-15,1.3521
2019-11-18,1.3625
2019-11-19,1.3756
2019-11-20,1.3628
2019-11-21,1.3568
2019-11-22,1.3436
2019-11-25,1.3529
2019-11-26,1.3573
2019-11-27,1.352
2019-11-28,1.3477
2019-11-29,1.3365
2019-12-02,1.3385
2019-12-03,1.3434
2019-12-04,1.3429
2019-12-05,1.3527
2019-12-06,1.3603
2019-12-09,1.3581
2019-12-10,1.3598
2019-12-11,1.3607
2019-12-12,1.357
2019-12-13,1.3819
2019-12-16,1.3881
2019-12-17,1.4061
2019-12-18,1.4031
2019-12-19,1.401
2019-12-20,1.3979
2019-12-23,1.3814
2019-12-24,1.3898
2019-12-25,1.3893
2019-12-26,1.4008
2019-12-27,1.3996
2019-12-30,1.4193
2019-12-31,1.4241
2020-01-02,1.4425
2020-01-03,1.4402
2020-01-06,1.4351
2020-01-07,1.4452
2020-01-08,1.4296
2020-01-09,1.4466
2020-01-10,1.4465
2020-01-13,1.4598
2020-01-14,1.4553
2020-01-15,1.4477
2020-01-16,1.4426
2020-01-17,1.4445
2020-01-20,1.4551
2020-01-21,1.4318
2020-01-22,1.4376
2020-01-23,1.396
2020-02-03,1.2926
2020-02-04,1.3254
2020-02-05,1.3399
2020-02-06,1.3633
2020-02-07,1.3635
2020-02-10,1.3687
2020-02-11,1.3808
2020-02-12,1.3914
2020-02-13,1.3834
2020-02-14,1.3925
2020-02-17,1.4219
2020-02-18,1.4156
2020-02-19,1.4136
2020-02-20,1.4445
2020-02-21,1.4463
2020-02-24,1.4402
2020-02-25,1.4368
2020-02-26,1.4201
2020-02-27,1.424
2020-02-28,1.3763
2020-03-02,1.4188
2020-03-03,1.4265
2020-03-04,1.4342
2020-03-05,1.4645
2020-03-06,1.442
2020-03-09,1.3963
2020-03-10,1.4243
2020-03-11,1.4065
2020-03-12,1.3809
2020-03-13,1.3626
2020-03-16,1.3076
2020-03-17,1.3017
2020-03-18,1.2773
2020-03-19,1.2616
2020-03-20,1.2828
2020-03-23,1.2423
2020-03-24,1.273
2020-03-25,1.3049
2020-03-26,1.2969
2020-03-27,1.301
2020-03-30,1.2891
2020-03-31,1.2929
2020-04-01,1.2893
2020-04-02,1.3089
2020-04-03,1.3018
2020-04-07,1.3299
2020-04-08,1.3241
2020-04-09,1.3283
2020-04-10,1.3205
2020-04-13,1.3151
2020-04-14,1.3385
2020-04-15,1.3293
2020-04-16,1.3313
2020-04-17,1.3434
2020-04-20,1.3484
2020-04-21,1.3333
2020-04-22,1.3437
2020-04-23,1.3406
2020-04-24,1.3298
2020-04-27,1.3386
2020-04-28,1.3472
2020-04-29,1.3534
2020-04-30,1.3686
2020-05-06,1.3764
2020-05-07,1.3728
2020-05-08,1.3871
2020-05-11,1.3859
2020-05-12,1.386
2020-05-13,1.3887
2020-05-14,1.3744
2020-05-15,1.3705
2020-05-18,1.374
2020-05-19,1.3853
2020-05-20,1.3786
2020-05-21,1.3715
2020-05-22,1.3421
2020-05-25,1.3439
2020-05-26,1.3583
2020-05-27,1.3495
2020-05-28,1.3535
2020-05-29,1.3577
2020-06-01,1.3923
2020-06-02,1.3972
2020-06-03,1.3975
2020-06-04,1.3972
2020-06-05,1.4034
2020-06-08,1.4109
2020-06-09,1.419
2020-06-10,1.4178
2020-06-11,1.4043
2020-06-12,1.4053
2020-06-15,1.3897
2020-06-16,1.4097
2020-06-17,1.4109
2020-06-18,1.4204
2020-06-19,1.4393
2020-06-22,1.4411
2020-06-23,1.4476
2020-06-24,1.4555
2020-06-29,1.4458
2020-06-30,1.465
2020-07-01,1.4929
2020-07-02,1.5229
2020-07-03,1.5509
2020-07-06,1.6349
2020-07-07,1.6443
2020-07-08,1.6696
2020-07-09,1.6921
2020-07-10,1.6663
2020-07-13,1.7006
2020-07-14,1.6859
2020-07-15,1.6695
2020-07-16,1.594
2020-07-17,1.6049
2020-07-20,1.6505
2020-07-21,1.6544
2020-07-22,1.6639
2020-07-23,1.6641
2020-07-24,1.595
2020-07-27,1.6023
2020-07-28,1.6154
2020-07-29,1.6529
2020-07-30,1.6454
2020-07-31,1.6587
2020-08-03,1.684
2020-08-04,1.6855
2020-08-05,1.6858
2020-08-06,1.6807
2020-08-07,1.6628
2020-08-10,1.6688
2020-08-11,1.6546
2020-08-12,1.6433
2020-08-13,1.6404
2020-08-14,1.6643
2020-08-17,1.7015
2020-08-18,1.7007
2020-08-19,1.6771
2020-08-20,1.6569
2020-08-21,1.6701
2020-08-24,1.6844
2020-08-25,1.6866
2020-08-26,1.668
2020-08-27,1.6763
2020-08-28,1.7145
2020-08-31,1.7053
2020-09-01,1.714
2020-09-02,1.7147
2020-09-03,1.7058
2020-09-04,1.6903
2020-09-07,1.6567
2020-09-08,1.6651
2020-09-09,1.6282
2020-09-10,1.6275
2020-09-11,1.6425
2020-09-14,1.6503
2020-09-15,1.6629
2020-09-16,1.6535
2020-09-17,1.646
2020-09-18,1.6811
2020-09-21,1.6661
2020-09-22,1.6476
2020-09-23,1.6532
2020-09-24,1.6235
2020-09-25,1.6258
2020-09-28,1.6303
2020-09-29,1.6337
2020-09-30,1.632
2020-10-09,1.663
2020-10-12,1.7106
2020-10-13,1.7162
2020-10-14,1.7055
2020-10-15,1.7039
2020-10-16,1.7015
2020-10-19,1.6892
2020-10-20,1.702
2020-10-21,1.7016
2020-10-22,1.6968
2020-10-23,1.6771
2020-10-26,1.6681
2020-10-27,1.671
2020-10-28,1.684
2020-10-29,1.6974
2020-10-30,1.6713
2020-11-02,1.6801
2020-11-03,1.6992
2020-11-04,1.7113
2020-11-05,1.7356
2020-11-06,1.7356
2020-11-09,1.7682
2020-11-10,1.7588
2020-11-11,1.7421
2020-11-12,1.7435
2020-11-13,1.7261
2020-11-16,1.7419
2020-11-17,1.7387
2020-11-18,1.7379
2020-11-19,1.7501
2020-11-20,1.7552
2020-11-23,1.776
2020-11-24,1.7658
2020-11-25,1.7446
2020-11-26,1.7473
2020-11-27,1.7682
2020-11-30,1.7619
2020-12-01,1.7975
2020-12-02,1.7977
2020-12-03,1.7945
2020-12-04,1.7974
2020-12-07,1.783
2020-12-08,1.7789
2020-12-09,1.7565
2020-12-10,1.7556
2020-12-11,1.7377
2020-12-14,1.7527
2020-12-15,1.7564
2020-12-16,1.7598
2020-12-17,1.7812
2020-12-18,1.7754
2020-12-21,1.7913
2020-12-22,1.764
2020-12-23,1.7782
2020-12-24,1.7759
2020-12-25,1.7901
2020-12-28,1.7977
2020-12-29,1.7906
2020-12-30,1.8145
2020-12-31,1.8473
2021-01-04,1.8664
2021-01-05,1.8998
2021-01-06,1.9159
2021-01-07,1.9479
2021-01-08,1.942
2021-01-11,1.9237
2021-01-12,1.9751
2021-01-13,1.969
2021-01-14,1.9337
2021-01-15,1.9295
2021-01-18,1.95
2021-01-19,1.923
2021-01-20,1.9359
2021-01-21,1.9655
2021-01-22,1.9673
2021-01-25,1.9858
2021-01-26,1.9483
2021-01-27,1.9531
2021-01-28,1.903
2021-01-29,1.8943
2021-02-01,1.9164
2021-02-02,1.9442
2021-02-03,1.9391
2021-02-04,1.9352
2021-02-05,1.9384
2021-02-08,1.9654
2021-02-09,2.0062
2021-02-10,2.047
2021-02-18,2.0338
2021-02-19,2.0373
2021-02-22,1.9772
2021-02-23,1.971
2021-02-24,1.9234
2021-02-25,1.9343
2021-02-26,1.8901
2021-03-01,1.9172
2021-03-02,1.894
2021-03-03,1.9283
2021-03-04,1.871
2021-03-05,1.8655
2021-03-08,1.8041
2021-03-09,1.7675
2021-03-10,1.7783
2021-03-11,1.8197
2021-03-12,1.8257
2021-03-15,1.7887
2021-03-16,1.8034
2021-03-17,1.8105
2021-03-18,1.8241
2021-03-19,1.7789
2021-03-22,1.7959
2021-03-23,1.7799
2021-03-24,1.7533
2021-03-25,1.753
2021-03-26,1.7906
2021-03-29,1.7934
2021-03-30,1.8095
2021-03-31,1.794
2021-04-01,1.8152
2021-04-02,1.8323
2021-04-06,1.8252
2021-04-07,1.813
2021-04-08,1.8159
2021-04-09,1.7904
2021-04-12,1.761
2021-04-13,1.7584
2021-04-14,1.7721
2021-04-15,1.7616
2021-04-16,1.7676
2021-04-19,1.8084
2021-04-20,1.8073
2021-04-21,1.8126
2021-04-22,1.8106
2021-04-23,1.8267
2021-04-26,1.8077
2021-04-27,1.8121
2021-04-28,1.8219
2021-04-29,1.8371
2021-04-30,1.8236
2021-05-06,1.8026
2021-05-07,1.7807
2021-05-10,1.7794
2021-05-11,1.7897
2021-05-12,1.7971
2021-05-13,1.7798
2021-05-14,1.8197
2021-05-17,1.8451
2021-05-18,1.8459
2021-05-19,1.8411
2021-05-20,1.8463
2021-05-21,1.8289
2021-05-24,1.836
2021-05-25,1.8909
2021-05-26,1.8915
2021-05-27,1.8976
2021-05-28,1.8923
2021-05-31,1.8962
2021-06-01,1.8997
2021-06-02,1.8832
2021-06-03,1.872
2021-06-04,1.8818
2021-06-07,1.8806
2021-06-08,1.8653
2021-06-09,1.8672
2021-06-10,1.8801
2021-06-11,1.8654
2021-06-15,1.8461
2021-06-16,1.8176
2021-06-17,1.826
2021-06-18,1.8272
2021-06-21,1.8233
2021-06-22,1.8345
2021-06-23,1.8438
2021-06-24,1.8468
2021-06-25,1.8765
2021-06-28,1.8803
2021-06-29,1.8609
2021-06-30,1.8732
2021-07-01,1.8751
2021-07-02,1.825
2021-07-05,1.8265
2021-07-06,1.827
2021-07-07,1.8472
2021-07-08,1.8304
2021-07-09,1.8257
2021-07-12,1.8474
2021-07-13,1.8528
2021-07-14,1.8329
2021-07-15,1.8565
2021-07-16,1.8385
2021-07-19,1.845
2021-07-20,1.8437
2021-07-21,1.8562
2021-07-22,1.86
2021-07-23,1.8389
2021-07-26,1.7828
2021-07-27,1.7241
2021-07-28,1.7272
2021-07-29,1.7579
2021-07-30,1.7453
2021-08-02,1.7873
2021-08-03,1.7875
2021-08-04,1.8029
2021-08-05,1.7928
2021-08-06,1.7838
2021-08-09,1.8058
2021-08-10,1.8254
2021-08-11,1.8162
2021-08-12,1.802
2021-08-13,1.7928
2021-08-16,1.7921
2021-08-17,1.7569
2021-08-18,1.7764
2021-08-19,1.7655
2021-08-20,1.7346
2021-08-23,1.7588
2021-08-24,1.777
2021-08-25,1.781
2021-08-26,1.7479
2021-08-27,1.7566
2021-08-30,1.7516
2021-08-31,1.7492
2021-09-01,1.7713
2021-09-02,1.7714
2021-09-03,1.7627
2021-09-06,1.7938
2021-09-07,1.8145
2021-09-08,1.8073
2021-09-09,1.8064
2021-09-10,1.8218
2021-09-13,1.8142
2021-09-14,1.7888
2021-09-15,1.7716
2021-09-16,1.7513
2021-09-17,1.7685
2021-09-22,1.7571
2021-09-23,1.7677
2021-09-24,1.7668
2021-09-27,1.7764
2021-09-28,1.7788
2021-09-29,1.7617
2021-09-30,1.7729
2021-10-08,1.7947
2021-10-11,1.7967
2021-10-12,1.7785
2021-10-13,1.798
2021-10-14,1.7889
2021-10-15,1.7958
2021-10-18,1.7759
2021-10-19,1.7925
2021-10-20,1.7884
2021-10-21,1.7943
2021-10-22,1.8056
2021-10-25,1.8132
2021-10-26,1.8075
2021-10-27,1.7854
2021-10-28,1.7739
2021-10-29,1.789
2021-11-01,1.7831
2021-11-02,1.7657
2021-11-03,1.7593
2021-11-04,1.7757
2021-11-05,1.7667
2021-11-08,1.7686
2021-11-09,1.7681
2021-11-10,1.7591
2021-11-11,1.7855
2021-11-12,1.7821
2021-11-15,1.7802
2021-11-16,1.7805
2021-11-17,1.7815
2021-11-18,1.7651
2021-11-19,1.7831
2021-11-22,1.7909
2021-11-23,1.7911
2021-11-24,1.7928
2021-11-25,1.7858
2021-11-26,1.7734
2021-11-29,1.7704
2021-11-30,1.7638
2021-12-01,1.768
2021-12-02,1.7721
2021-12-03,1.7876
2021-12-06,1.7847
2021-12-07,1.7947
2021-12-08,1.8203
2021-12-09,1.8486
2021-12-10,1.8407
2021-12-13,1.8507
2021-12-14,1.8391
2021-12-15,1.8238
2021-12-16,1.8337
2021-12-17,1.8064
2021-12-20,1.7812
2021-12-21,1.7928
2021-12-22,1.7931
2021-12-23,1.8049
2021-12-24,1.7958
2021-12-27,1.7952
2021-12-28,1.8077
2021-12-29,1.7828
2021-12-30,1.7959
2021-12-31,1.8024
2022-01-04,1.7946
2022-01-05,1.7775
2022-01-06,1.7603
2022-01-07,1.7617
2022-01-10,1.7691
2022-01-11,1.7529
2022-01-12,1.7694
2022-01-13,1.742
2022-01-14,1.7287
2022-01-17,1.7427
2022-01-18,1.7585
2022-01-19,1.7472
2022-01-20,1.7621
2022-01-21,1.7468
2022-01-24,1.7493
2022-01-25,1.7121
2022-01-26,1.7241
2022-01-27,1.6922
2022-01-28,1.6728
2022-02-07,1.697
2022-02-08,1.6884
2022-02-09,1.7035
2022-02-10,1.6994
2022-02-11,1.6862
2022-02-14,1.6688
2022-02-15,1.6854
2022-02-16,1.6917
2022-02-17,1.6956
2022-02-18,1.7032
2022-02-21,1.6974
2022-02-22,1.6767
2022-02-23,1.6937
2022-02-24,1.6612
2022-02-25,1.6765
2022-02-28,1.6793
2022-03-01,1.6922
2022-03-02,1.6781
2022-03-03,1.6688
2022-03-04,1.6498
2022-03-07,1.6001
2022-03-08,1.5695
2022-03-09,1.5554
2022-03-10,1.5765
2022-03-11,1.5818
2022-03-14,1.5364
2022-03-15,1.4707
2022-03-16,1.5302
2022-03-17,1.5585
2022-03-18,1.5687
2022-03-21,1.5661
2022-03-22,1.565
2022-03-23,1.5725
2022-03-24,1.5639
2022-03-25,1.5374
2022-03-28,1.5283
2022-03-29,1.5234
2022-03-30,1.5651
2022-03-31,1.5542
2022-04-01,1.5728
2022-04-06,1.5683
2022-04-07,1.5494
2022-04-08,1.5572
2022-04-11,1.5115
2022-04-12,1.539
2022-04-13,1.5252
2022-04-14,1.5433
2022-04-15,1.5422
2022-04-18,1.5343
2022-04-19,1.5234
2022-04-20,1.5012
2022-04-21,1.475
2022-04-22,1.4812
2022-04-25,1.4124
2022-04-26,1.4019
2022-04-27,1.4369
2022-04-28,1.4455
2022-04-29,1.4797
2022-05-05,1.4779
2022-05-06,1.4428
2022-05-09,1.4318
2022-05-10,1.4468
2022-05-11,1.4667
2022-05-12,1.4606
2022-05-13,1.471
2022-05-16,1.4599
2022-05-17,1.4771
2022-05-18,1.4724
2022-05-19,1.4752
2022-05-20,1.5026
2022-05-23,1.4943
2022-05-24,1.4615
2022-05-25,1.4698
2022-05-26,1.4744
2022-05-27,1.4773
2022-05-30,1.4876
2022-05-31,1.5096
2022-06-01,1.5072
2022-06-02,1.5105
2022-06-06,1.5373
2022-06-07,1.5419
2022-06-08,1.557
2022-06-09,1.5416
2022-06-10,1.5634
2022-06-13,1.5463
2022-06-14,1.5578
2022-06-15,1.5778
2022-06-16,1.5691
2022-06-17,1.59
2022-06-20,1.5987
2022-06-21,1.5978
2022-06-22,1.5791
2022-06-23,1.6048
2022-06-24,1.623
2022-06-27,1.6406
2022-06-28,1.6568
2022-06-29,1.6342
2022-06-30,1.6581
2022-07-01,1.6516
2022-07-04,1.6618
2022-07-05,1.6594
2022-07-06,1.637
2022-07-07,1.6442
2022-07-08,1.6403
2022-07-11,1.6153
2022-07-12,1.6028
2022-07-13,1.6057
2022-07-14,1.606
2022-07-15,1.5839
2022-07-18,1.5993
2022-07-19,1.5913
2022-07-20,1.5964
2022-07-21,1.5808
2022-07-22,1.5816
2022-07-25,1.5728
2022-07-26,1.5846
2022-07-27,1.5772
2022-07-28,1.5778
2022-07-29,1.5587
2022-08-01,1.5652
2022-08-02,1.536
2022-08-03,1.5221
2022-08-04,1.5342
2022-08-05,1.5549
2022-08-08,1.552
2022-08-09,1.5548
2022-08-10,1.5384
2022-08-11,1.5681
2022-08-12,1.5676
2022-08-15,1.5657
2022-08-16,1.5628
2022-08-17,1.5768
2022-08-18,1.5639
2022-08-19,1.5538
2022-08-22,1.5647
2022-08-23,1.5577
2022-08-24,1.5299
2022-08-25,1.5423
2022-08-26,1.5401
2022-08-29,1.5337
2022-08-30,1.5288
2022-08-31,1.5299
2022-09-01,1.5176
2022-09-02,1.5104
2022-09-05,1.5075
2022-09-06,1.5203
2022-09-07,1.5214
2022-09-08,1.5155
2022-09-09,1.5354
2022-09-13,1.5415
2022-09-14,1.5253
2022-09-15,1.5117
2022-09-16,1.4784
2022-09-19,1.4768
2022-09-20,1.4785
2022-09-21,1.4682
2022-09-22,1.456
2022-09-23,1.4513
2022-09-26,1.4444
2022-09-27,1.4641
2022-09-28,1.4418
2022-09-29,1.4412
2022-09-30,1.4333
2022-10-10,1.4035
2022-10-11,1.4058
2022-10-12,1.4257
2022-10-13,1.415
2022-10-14,1.447
2022-10-17,1.4484
2022-10-18,1.4456
2022-10-19,1.4237
2022-10-20,1.4169
2022-10-21,1.4126
2022-10-24,1.3736
2022-10-25,1.3716
2022-10-26,1.382
2022-10-27,1.373
2022-10-28,1.341
2022-10-31,1.3294
2022-11-01,1.3743
2022-11-02,1.39
2022-11-03,1.3793
2022-11-04,1.4219
2022-11-07,1.4248
2022-11-08,1.4156
2022-11-09,1.4032
2022-11-10,1.393
2022-11-11,1.4298
2022-11-14,1.4314
2022-11-15,1.457
2022-11-16,1.4456
2022-11-17,1.44
2022-11-18,1.434
2022-11-21,1.4224
2022-11-22,1.4226
2022-11-23,1.424
2022-11-24,1.418
2022-11-25,1.4248
2022-11-28,1.4097
2022-11-29,1.4507
2022-11-30,1.4524
2022-12-01,1.4675
2022-12-02,1.459
2022-12-05,1.4859
2022-12-06,1.4935
2022-12-07,1.49
2022-12-08,1.4903
2022-12-09,1.5035
2022-12-12,1.4877
2022-12-13,1.4851
2022-12-14,1.4892
2022-12-15,1.4882
2022-12-16,1.4889
2022-12-19,1.4672
2022-12-20,1.4444
2022-12-21,1.4449
2022-12-22,1.4468
2022-12-23,1.4441
2022-12-26,1.4497
2022-12-27,1.4666
2022-12-28,1.4607
2022-12-29,1.4555
2022-12-30,1.4607
2022-12-31,1.4607
2023-01-03,1.4667
2023-01-04,1.4683
2023-01-05,1.4952
2023-01-06,1.4996
2023-01-09,1.5109
2023-01-10,1.5125
2023-01-11,1.5099
2023-01-12,1.5126
2023-01-13,1.5326
2023-01-16,1.5553
2023-01-17,1.555
2023-01-18,1.5526
2023-01-19,1.5616
2023-01-20,1.5706
2023-01-30,1.5777
2023-01-31,1.5619
2023-02-01,1.5757
2023-02-02,1.5705
2023-02-03,1.5565
2023-02-06,1.537
2023-02-07,1.5396
2023-02-08,1.5332
2023-02-09,1.5528
2023-02-10,1.544
2023-02-13,1.5572
2023-02-14,1.5578
2023-02-15,1.5502
2023-02-16,1.5396
2023-02-17,1.5185
2023-02-20,1.5537
2023-02-21,1.5575
2023-02-22,1.5442
2023-02-23,1.543
2023-02-24,1.5279
2023-02-27,1.5221
2023-02-28,1.5311
2023-03-01,1.5517
2023-03-02,1.5484
2023-03-03,1.5529
2023-03-06,1.5452
2023-03-07,1.5238
2023-03-08,1.5185
2023-03-09,1.5135
2023-03-10,1.4948
2023-03-13,1.5095
2023-03-14,1.501
2023-03-15,1.5018
2023-03-16,1.4847
2023-03-17,1.4918
2023-03-20,1.4848
2023-03-21,1.5001
2023-03-22,1.5061
2023-03-23,1.5203
2023-03-24,1.5161
2023-03-27,1.5108
2023-03-28,1.5063
2023-03-29,1.5086
2023-03-30,1.5202
2023-03-31,1.5247
2023-04-03,1.5388
2023-04-04,1.5432
2023-04-06,1.5409
2023-04-07,1.5504
2023-04-10,1.544
2023-04-11,1.5423
2023-04-12,1.5412
2023-04-13,1.5312
2023-04-14,1.5394
2023-04-17,1.5597
2023-04-18,1.5643
2023-04-19,1.551
2023-04-20,1.5467
2023-04-21,1.5182
2023-04-24,1.5003
2023-04-25,1.4933
2023-04-26,1.4924
2023-04-27,1.5029
2023-04-28,1.5173
2023-05-04,1.5178
2023-05-05,1.513
2023-05-08,1.5292
2023-05-09,1.5169
2023-05-10,1.5059
2023-05-11,1.5037
2023-05-12,1.485
2023-05-15,1.5068
2023-05-16,1.4997
2023-05-17,1.4933
2023-05-18,1.492
2023-05-19,1.4883
2023-05-22,1.4972
2023-05-23,1.4773
2023-05-24,1.458
2023-05-25,1.4549
2023-05-26,1.4555
2023-05-29,1.4496
2023-05-30,1.4509
2023-05-31,1.4376
2023-06-01,1.4416
2023-06-02,1.4615
2023-06-05,1.4552
2023-06-06,1.4424
2023-06-07,1.4361
2023-06-08,1.4471
2023-06-09,1.4538
2023-06-12,1.4568
2023-06-13,1.4647
2023-06-14,1.4662
2023-06-15,1.4886
2023-06-16,1.5026
2023-06-19,1.4925
2023-06-20,1.4904
2023-06-21,1.47
2023-06-26,1.451
2023-06-27,1.4645
2023-06-28,1.464
2023-06-29,1.4577
2023-06-30,1.4669
2023-07-03,1.4853
2023-07-04,1.4875
2023-07-05,1.4772
2023-07-06,1.4682
2023-07-07,1.4623
2023-07-10,1.469
2023-07-11,1.4783
2023-07-12,1.4707
2023-07-13,1.4929
2023-07-14,1.4936
2023-07-17,1.4839
2023-07-18,1.4804
2023-07-19,1.4793
2023-07-20,1.4695
2023-07-21,1.47
2023-07-24,1.4639
2023-07-25,1.5039
2023-07-26,1.5012
2023-07-27,1.4994
2023-07-28,1.5328
2023-07-31,1.5407
2023-08-01,1.5349
2023-08-02,1.5248
2023-08-03,1.5372
2023-08-04,1.543
2023-08-07,1.532
2023-08-08,1.5282
2023-08-09,1.5242
2023-08-10,1.5273
2023-08-11,1.4948
2023-08-14,1.4843
2023-08-15,1.4809
2023-08-16,1.4707
2023-08-17,1.4752
2023-08-18,1.4581
2023-08-21,1.4383
2023-08-22,1.4488
2023-08-23,1.4265
2023-08-24,1.4362
2023-08-25,1.4319
2023-08-28,1.4476
2023-08-29,1.4612
2023-08-30,1.4605
2023-08-31,1.4523
2023-09-01,1.4618
2023-09-04,1.4829
2023-09-05,1.4724
2023-09-06,1.4694
2023-09-07,1.4498
2023-09-08,1.4431
2023-09-11,1.4532
2023-09-12,1.4506
2023-09-13,1.4419
2023-09-14,1.4407
2023-09-15,1.4319
2023-09-18,1.4389
2023-09-19,1.4362
2023-09-20,1.4309
2023-09-21,1.4188
2023-09-22,1.4431
2023-09-25,1.4342
2023-09-26,1.4263
2023-09-27,1.4291
2023-09-28,1.4251
2023-10-09,1.4233
2023-10-10,1.4132
2023-10-11,1.4171
2023-10-12,1.4298
2023-10-13,1.4156
2023-10-16,1.4022
2023-10-17,1.4068
2023-10-18,1.3963
2023-10-19,1.3682
2023-10-20,1.3597
2023-10-23,1.3463
2023-10-24,1.3511
2023-10-25,1.3581
2023-10-26,1.3617
2023-10-27,1.3795
2023-10-30,1.3874
2023-10-31,1.3833
2023-11-01,1.3826
2023-11-02,1.3765
2023-11-03,1.3874
2023-11-06,1.4052
2023-11-07,1.4005
2023-11-08,1.3973
2023-11-09,1.398
2023-11-10,1.3883
2023-11-13,1.3857
2023-11-14,1.3867
2023-11-15,1.3959
